9.5 9 10 10
10 10 10 10
10 10 10 10
9.4 10 9 10
8.8 9 8 10
8.2 10 7 10
10 10 10 10
9.5 10 10 10
7.1 10 6 10
10 8 10 10
10 10 10 10
10 10 10 10
10 10 10 10
10 10 10 10
9.175 10 9 10
9 8 10 10
10 10 10 10
10 10 10 10
10 10 10 10
9 9 10 10
9.4 10 9 10
7.6 10 6 10
10 10 10 10
10 10 10 10
9.5 10 9 10
10 10 10 10
10 8 10 10
10 10 10 10
10 10 10 10
9.85 10 9.75 10
10 10 10 10
8.45 10 9.50 10
9.9 10 9 10
8.55 9 9 10
8.5 10 10 10
8.65 10 9 10
10 10 10 10
9.7 10 10 10
8.4 10 10 10
8.7 9.666666667 10 10
9.95 8.666666667 10 10
10 10 10 10
10 9.833333333 10 10
8.77 10 10 10
9.9 9.5 10 10
7.09 10 9 10
9.98 10 10 10
10 10 10 10
14.65 10 10 10
9.25 9.833333333 8.5 10
10 9.833333333 10 10
9.2 9.5 8.5 10
9.975 9.666666667 10 10
10 10 10 10
9.675 8.666666667 9.5 10
9.95 9.166666667 10 10
10 10 10 10
10 10 10 10
7.8 9 8 9
7.8 9 8 9
7.9 6 9 9
8.3 9 8 9
5.4 9 4 9
8.8 10 8 9
7.8 10 8 9
9.5 9 10 9
7.2 9 7 9
8.275 8 10 9
8.8 7 8 9
8.9 8 9 9
9.4 9 9 9
8.2 10 7 9
6.6 9 6 9
6 6 5 9
7 8 5 9
7.8 10 8 9
8.8 10 8 9
8.2 9 7 9
8.8 10 8 9
8.9 8 9 9
7.6 10 6 9
8.9 10 9 9
8.5 10 10 9
6.7 9 7 9
8.8 10 8 9
8.4 10 9 9
9 9 10 9
9.4 10 9 9
9.4 10 9 9
5.2 8 2 9
5.8 10 3 9
9 9 10 9
8 8 6 9
8 8 6 9
8.65 10 9 9
9.825 9 9.75 9
9.45 10 9 9
10 7 10 9
9.975 9 10 9
9.75 10 9.5 9
8.4 10 9 9
9 9 10 9
9.4 10 9 9
9.4 10 9 9
8.5 10 10.00 9
9.7 10 7.00 9
8.6 10 8.50 9
5.25 8 10.00 9
8.45 10 9.50 9
9.975 10 9.75 9
7.5 10 8 9
9.25 10 10 9
8 10 9 9
7.25 9 9 9
8 10 9 9
10 7 10 9
9.75 10 9.5 9
9.525 9 9.25 9
5.985 10 5 9
9.975 10 10 9
6.235 10 7 9
8.025 9.666666667 9 9
9.57 9.5 9.5 9
6.4 9 10 9
6.85 8.666666667 9 9
5.65 9.166666667 8.5 9
9.95 9.166666667 10 9
10 9.5 10 9
9.75 9.166666667 9.5 9
9.4 9.166666667 9 9
10 10 10 9
10 9.833333333 10 9
5.9 9.17 9 9
7.5 9.42 7.5 9
7.01 9.17 9 9
7.12 9.67 7 9
9.7 9.42 9.5 9
7.31 10 9.5 9
6.45 9.67 8 9
7.6 10 10 9
8.3 10 9 9
5 9.83 8 9
10.62 8.67 9 9
6.15 9.67 8 9
9.95 8.833333333 10 9
9.75 9.166666667 9.5 9
9.975 9.333333333 10 9
9.75 8.666666667 9.5 9
8.425 9.5 9.5 9
10 9.666666667 10 9
10 9.5 10 9
10 10 10 9
10 10 10 9
10 9.833333333 10 9
8.45 9.5 9.5 9
8.5 10 9.5 9
8.5 8.333333333 9.5 9
8.5 8 10 8
7.7 9 7 8
7.7 10 7 8
9.5 10 10 8
7.3 10 8 8
8.9 9 9 8
7.1 10 6 8
10 6 10 8
6 8 5 8
9.4 10 9 8
8.3 5 8 8
5.9 8 4 8
8.8 10 8 8
6 6 5 8
7.7 10 7 8
4.8 8 3 8
7.8 7 8 8
6 8 5 8
8.45 8 9 8
8.2 6 7 8
6.4 5 4 8
9.4 8 9 8
7 9 5 8
7.8 7 8 8
5.875 8 6 8
6.4 7 6 8
8.7 8 8 8
9.95 10 10 8
7.85 9 9 8
8.5 9 10 8
7.85 9 9 8
7.25 9 6 8
6.2 10 7 8
7.5 10 8 8
8.95 10 8 8
5.25 10 5 8
10 10 10 8
9.625 8 9.25 8
9.95 9 10 8
10 9 10 8
10 9 10 8
10 10 10 8
4.6 10 1 8
9.15 10 8.5 8
10 10 10 8
9.25 10 10 8
6.75 10 10.00 8
6.25 10 10.00 8
7.75 9 10.00 8
7.75 10 10.00 8
5.225 10 7.00 8
7.7495 9 5 8
7.25 10 10 8
4.075 10 8.25 8
6.4 8 6 8
6.45 8 3 8
6.95 10 7 8
3.85 10 4 8
7.25 10 6 8
7.9 9 9 8
6.95 10 7 8
6.85 9.833333333 8.5 8
9.675 8.666666667 9.5 8
7.7 7.33 5.5 8
8.125 8.833333333 6.5 8
9.45 8.333333333 9 8
10 9.5 10 8
10 9.333333333 10 8
10 9.333333333 10 8
9.7 7.166666667 9.5 8
5.04 8.83 5 8
7.47 9.67 7.5 8
5.5 9.25 6 8
5.58 9.17 9 8
6.42 9.83 8 8
5.8 9 9 8
5.85 9.93 6.5 8
3.57 8.17 4.5 8
4.74 9.83 4.5 8
4.82 8.5 7.5 8
10.67 9.5 9 8
9.65 9.166666667 9.5 8
6.8 8.666666667 8.5 8
9.65 7.5 9.5 8
8.5 7.833333333 9.5 8
7.65 6.833333333 8 8
10 9.333333333 10 8
9.9 6.833333333 10 8
10 10 10 8
9.675 9.83 9.5 8
6.875 7.166666667 9 8
9.95 9 10 8
9.725 7.833333333 9.5 8
8.025 9.666666667 9 8
7.675 5.333333333 8 8
7.5 5 8 8
7.6 6.833333333 8 8
7.85 5.333333333 8.5 8
7.75 8.333333333 8 8
8.2 8.333333333 9 8
7.95 6.833333333 8.5 8
8.175 8.833333333 9 8
8.2 5 9 8
8.15 5.333333333 9 8
7.6 4 8 8
6.4 8 4 7
6.5 8 5 7
6.6 5 6 7
6.6 8 6 7
6.5 9 5 7
3.975 5 2 7
7.8 10 8 7
7.8 7 8 7
7.1 7 6 7
8.9 9 9 7
4.8 7 3 7
8.8 10 8 7
5.075 5 3 7
8.3 7 8 7
6.5 5 5 7
7.8 6 8 7
5.275 5 5 7
8.2 9 7 7
7.8 10 8 7
6 7 5 7
7.2 10 7 7
4.8 7 3 7
6.4 8 4 7
4.8 8 3 7
3.025 5 2 7
7.2 7 7 7
5.4 7 4 7
8.3 8 8 7
7.8 10 8 7
8.3 7 8 7
6.5 8 5 7
7 8 5 7
6.4 5 4 7
5.4 7 4 7
3.75 5 2 7
8.4 9 9 7
8.8 9 8 7
6.7 8 7 7
8.4 8 9 7
6 6 5 7
8.2 10 7 7
7.2 9 7 7
7 5 5 7
7.6 10 6 7
7.2 10 7 7
9.4 8 9 7
6.1 5 6 7
1.15 7 1 7
4.3 7 3 7
8.8 7 8 7
10 10 10 7
6 10 5 7
6.6 8 6 7
4.675 8 4 7
6.4 5 7 7
6.8 5 6 7
8.925 8 10 7
5.7 6 4 7
4.75 8 2 7
8 6 8 7
7.5 7 6 7
6.5 9 6 7
4.199 7 3 7
6.5 9 6 7
5 6 3 7
4.9 7 3 7
7.05 8 8 7
8 10 6 7
6.4 10 6 7
5.65 9 6 7
7.975 10 7.75 7
9.75 9 9.5 7
9.75 9 9.5 7
7.55 6 7 7
9.525 8 9.25 7
8.325 8 8.25 7
9.675 8 9.35 7
8.375 10 8.25 7
7.2 9 7 7
7 5 5 7
7.6 10 6 7
7.2 10 7 7
9.4 8 9 7
6.5 7 10.00 7
8 10 10.00 7
6.5 9 10.00 7
4.2 8 9.50 7
4.1 9 8.50 7
8.7 10 7 7
5.75 9 5 7
9.25 10 10 7
6.55 9 5 7
6.85 8 10 7
6.1 9 4 7
4.35 9 2 7
8 10 6 7
5.5 9 4 7
8.3 9 9 7
9.75 9 9.5 7
5.4 9 4 7
4.3 5 4 7
6.1995 9 6 7
4.55 10 4 7
5.36 5 4 7
6.675 5 8 7
5.025 10 5 7
3 4 4 7
7.15 9.166666667 9.5 7
3.125 9.166666667 3.5 7
8.45 9.5 9.5 7
7.1 5.5 9 7
7.7 7.5 8 7
9.15 6.166666667 8.5 7
9.45 5.5 9.5 7
9.4 8.666666667 9 7
8.2 6.833333333 9 7
2.64 9.17 2.5 7
5.91 9.67 4.5 7
2.77 9 3 7
2.88 9.67 3 7
5.69 8.33 6.5 7
6.59 10 8 7
4.4 8.83 8 7
3 9.33 4 7
6.2 9.08 7.5 7
6.37 9.33 8 7
6.28 9.5 10 7
6.65 7.666666667 6 7
9.7 8.833333333 9.5 7
7.975 8.666666667 8.5 7
8.1 8.5 9 7
9.75 8.666666667 9.5 7
10 8.666666667 10 7
8.175 8.166666667 9 7
6.93 9.83 7 7
6.59 10 8 7
6.5 5 8.5 7
6.55 6.33 6 7
6.45 6 8 7
6.55 6.33 6 7
6.55 5 6 7
4.075 5 3 6
6 7 5 6
5.4 8 4 6
4.9 6 4 6
4.8 7 3 6
4.3 5 3 6
5.4 7 4 6
5.4 5 4 6
7.6 7 6 6
5.8 7 3 6
6.4 4 4 6
4.9 6 4 6
4.8 8 3 6
3.625 6 3 6
6.6 7 6 6
4.675 5 4 6
5.4 10 4 6
5.9 9 4 6
7.1 8 6 6
9.4 5 9 6
6 8 5 6
7 8 5 6
4.075 5 3 6
5.5 9 5 6
3.85 8 3 6
4.8 5 3 6
4.9 7 4 6
5.4 5 4 6
5.4 7 4 6
4.575 8 3 6
4.975 5 6 6
5.8 7 3 6
7.2 6 7 6
4.3 8 3 6
7.8 5 8 6
6.5 8 5 6
4.8 8 3 6
4.575 5 3 6
6.7 7 7 6
4.9 8 4 6
4.2 5 2 6
6.5 6 5 6
4.7 5 2 6
6.275 9 5 6
7.2 5 7 6
3.85 6 3 6
3.85 6 3 6
1 5 1 6
4.8 5 3 6
7.7 8 7 6
4.3 8 3 6
5.2 5 2 6
3.975 4 2 6
6.7 7 7 6
6.7 10 7 6
4.9 5 4 6
2.425 5 1 6
7.9 8 9 6
7.2 9 7 6
4.675 6 4 6
3.75 5 2 6
6.1 5 6 6
5.2 5 2 6
3.1 6 1 6
6.5 9 5 6
3.7 8 2 6
2.775 8 1 6
3.7 6 2 6
5.4 7 4 6
1.375 6 1 6
9.8 6 10 6
7.65 5 7 6
6.975 5 6 6
6.45 5 3 6
5.35 5 6 6
5.6 5 4 6
4.15 8 2 6
7.65 5 8 6
5.1 5 5 6
3.599 5 2 6
8.5 5 9 6
7.8 5 8 6
6.5 7 5 6
5.2495 6 4 6
4.75 6 3 6
6.5 5 3 6
3.55 8 1 6
6.55 10 7 6
6.7 7 7 6
6.7 10 7 6
4.9 5 4 6
2.425 5 1 6
7.9 8 9 6
7.2 9 7 6
4.675 6 4 6
4.1845 8 6.85 6
7.225 9 8 6
6.15 10 7 6
4.9 5 5 6
8.65 5 9 6
7.875 5 7.5 6
7.925 5 7.75 6
7.25 5 6.5 6
8.15 5 8 6
7.875 5 8 6
5.8 5 5 6
5.5 5 4 6
8.55 5 8 6
5.3 5 4 6
7.685 5 10 6
7.4 5 5 6
4.8495 5 4 6
6.025 5 7 6
2.9 6 4.5 6
4.125 8.17 5.5 6
5.75 7.5 7.5 6
7.5 3.333333333 8 6
5.41 7 6 6
1.81 8.92 1.5 6
3.09 8.33 3.5 6
5.4 7.17 4 6
4.29 9.5 4 6
4.49 9 4 6
4.83 8.5 4.5 6
2.35 9.33 2 6
2.79 9.33 3 6
2.32 8.83 2 6
3.715 6.5 3 6
5.22 7.67 8 6
2.39 4 2 6
2.85 8.67 3.5 6
5.9 7.833333333 7 6
5.63 8.33 9 6
5.82 9.67 6.5 6
5.8 9 9 6
6.28 9.5 10 6
6.125 5 7.5 6
5.825 7.17 6.75 6
5.85 0 7 6
5.85 5 7 6
5.9 5 4 5
1.825 6 0 5
6.5 1 5 5
5.775 5 5 5
5.05 4 5 5
4.3 5 3 5
4.9 5 4 5
3.85 5 3 5
2.925 3 1 5
4.8 5 3 5
4.675 5 4 5
3.475 5 2 5
3.7 5 2 5
4.075 5 3 5
5.5 5 5 5
4.2 7 2 5
4.3 5 3 5
1 6 1 5
3.25 5 2 5
3.1 5 1 5
5.35 5 3 5
5.3 6 3 5
4.825 5 5 5
3.7 5 2 5
3.1 6 1 5
6.1 5 6 5
4.3 5 3 5
3.7 6 2 5
3.7 6 2 5
3.7 7 2 5
4.8 1 3 5
3.7 7 2 5
3.025 5 2 5
1 6 1 5
4.7 6 3 5
7.35 7 8 5
3.6 5 2 5
5.5 5 4 5
6.9 5 4 5
5.5 5 3 5
6.75 5 6 5
2.5995 5 1 5
5.7 5 5 5
5.25 5 4 5
3.6 5 2 5
5.6 5 3 5
4.1995 5 2 5
5.1 6 4 5
5.1 5 4 5
4.3 5 2 5
3.875 5 3 5
5.1 5 5 5
4.9 6 3 5
4.1495 6 2 5
3.95 5 2 5
4.9 5 3 5
4.9 6 3 5
4.35 5 2 5
6 5 1 5
5 5 1 5
3.599 7 3 5
5 5 1 5
4.4 5 3 5
5 5 1 5
7.9 5 7.5 5
5.55 5 5 5
8.025 5 7.75 5
9.75 10 9.5 5
5.65 5 4 5
9.15 5 10 5
8 5 8 5
5.875 5 6 5
6.7 9 7 5
5.1 5 5 5
8.75 5 8 5
3.7 5 3 5
5.9 5 5 5
3.8 9 2 5
1.6 5 1 5
6.0495 5 8 5
5.25 5 5 5
3.3 6 2 5
3.855 6 3 5
1.45 5 1 5
5.55 5 6 5
4.35 5 4 5
5.55 5 4 5
3.1 5 2 5
2.3 7.33 3 5
1.95 8.833333333 2 5
2.34 8.67 2.5 5
3.39 5.5 4.5 5
1.25 7.17 1.5 5
4.975 5.83 8 5
5.05 5 5 5
4.8 6.42 5 5
4.075 1 3 4
5.5 9 5 4
4.9 3 4 4
4.225 3 4 4
6 6 5 4
4.8 4 3 4
4.8 4 3 4
5.4 4 4 4
4.575 8 3 4
5.4 1 4 4
7 4 5 4
4.3 5 3 4
4.8 8 3 4
6 6 5 4
7.8 7 8 4
5.8 4 3 4
4.9 5 4 4
4.975 5 6 4
2.325 3 0 4
4.8 7 3 4
4.9 5 4 4
4.675 5 4 4
3.475 1 2 4
4.075 1 3 4
3.275 1 0 4
3.7 5 2 4
6.5 1 5 4
6 1 5 4
4.7 1 2 4
5.5 1 5 4
7.2 1 7 4
7.2 1 7 4
5.4 1 4 4
4.3 1 3 4
6 1 5 4
7.8 1 8 4
8.3 1 8 4
4.2 4 2 4
4.3 1 3 4
4.2 1 2 4
4.8 8 3 4
8.3 1 8 4
4.575 1 3 4
4.075 1 3 4
6.5 1 5 4
4.8 1 3 4
6.6 1 6 4
4.8 7 3 4
4.9 5 4 4
1.15 2 0 4
6.6 1 6 4
6.6 5 6 4
4.2 1 2 4
4.7 4 2 4
4.7 4 2 4
2.875 1 1 4
4.35 5 3 4
3.1 4 1 4
5.3 1 3 4
3.7 5 2 4
1.6 7 0 4
3.7 5 2 4
2.65 4 1 4
4.7 7 2 4
5.875 4 6 4
3.475 1 2 4
5.4 5 4 4
4.9 4 4 4
3.7 1 2 4
4.9 3 4 4
5.4 4 4 4
2.55 1 1 4
4.8 4 3 4
2.875 1 1 4
2.275 1 1 4
3.975 4 2 4
3.7 6 2 4
4.9 1 4 4
3.6 1 1 4
3.7 1 2 4
2.275 1 1 4
2.875 1 1 4
8.9 10 9 4
4.3 7 3 4
4.8 7 3 4
5.4 1 4 4
4.2 1 2 4
7.9 1 9 4
3.7 3 2 4
2.2 1 1 4
6.7 5 7 4
3.6 7 1 4
7.3 1 8 4
3.1 8 1 4
3.375 6 1 4
4.9 5 4 4
3.375 1 1 4
3.7 1 2 4
9.5 5 10 4
4.7 1 2 4
4.9 4 4 4
4.9 8 4 4
4.7 4 2 4
4.8 4 3 4
4.2 1 2 4
3.7 4 2 4
1.825 1 1 4
3.7 4 2 4
6.5 1 5 4
5.875 8 6 4
3.1 4 1 4
3.7 8 2 4
8.3 4 8 4
3.7 5 2 4
4.2 2 2 4
7.2 1 7 4
4.9 7 4 4
3.6 6 1 4
4.8 1 3 4
4.2 9 2 4
3.7 2 2 4
3.025 1 2 4
3.6 6 1 4
2.05 6 0 4
5.4 5 4 4
1 5 1 4
1 4 1 4
1 7 1 4
3.025 5 2 4
3.475 1 2 4
2.65 5 1 4
1 5 1 4
4.1 5 3 4
5.35 6 3 4
6 5 3 4
2.35 0 1 4
4.0995 5 3 4
5.65 5 3 4
4.75 5 3 4
5.3 5 3 4
3.9995 5 1 4
7.975 8 8 4
1.9 5 1 4
2.425 0 1 4
5 7 2 4
5.575 5 2 4
5.5 5 3 4
3.15 6 1 4
6.4 5 5 4
4.75 5 3 4
6.2495 5 7 4
3.1 5 1 4
4.35 9 2 4
1.9 4 1 4
5.5 9 4 4
1.225 4 1 4
8.3 9 9 4
4.9 4 5 4
3.85 10 4 4
2.4 4 2 4
7.85 6 8.5 4
8.65 4 9 4
6.175 4 5.85 4
7.075 4 7 4
9.75 9 9.5 4
8.025 4 7.75 4
7.875 4 7.5 4
9.75 10 9.5 4
7.925 4 7.75 4
9.525 9 9.25 4
9.75 10 9.5 4
2.875 1 1 4
8.9 10 9 4
4.3 7 3 4
4.8 7 3 4
5.4 1 4 4
4.2 1 2 4
7.9 1 9 4
3.7 3 2 4
5.8 4 8.00 4
4.1 4 1.00 4
5.5 4 10.00 4
8.4 10 9.00 4
6.7 9 7.00 4
4.3 4 5.50 4
5.1 4 8.50 4
3.7 4 4.5 4
6.1995 9 9.5 4
3.4 4 6.5 4
4.55 10 8 4
5.985 10 9.85 4
6.235 10 9.85 4
7.25 10 10 4
5.36 4 8.6 4
4.575 4 3 4
8.55 4 8 4
5.3 4 4 4
5.225 0 4 4
7.9 9 9 4
5.9 4 5 4
6.675 4 8 4
3.8 9 2 4
1.9 4 1 4
1.225 5 1 4
2.4 5 2 4
7.85 6 8.5 4
7.075 5 7 4
5.1 5 5 4
4.1 4 3 4
3.1 5 1 4
3.4 5 2 4
1.099 10 1 4
4.575 5 3 4
2.7 5.833333333 3.5 4
3.2 4.5 4 4
4.975 5.83 8 4
5.05 1 5 4
7.675 5.333333333 8 4
7.6 6.833333333 8 4
3.07 7.67 4 4
6.93 9.83 7 4
3.82 0 5 4
5.63 8.33 9 4
5 1 3.5 4
1.15 1 1.5 4
2.74 1 3 4
0.4 1 0 4
1.82 9.33 1.5 4
1.15 4 1.5 4
3.77 8.17 3.5 4
5.82 9.67 6.5 4
1.83 4 1.5 4
2.14 8.17 2.5 4
6.5 0 5 4
4.8 6.42 5 4
2.42 8.5 2.5 4
6.65 7.5 6 4
3.89 9.5 5 4
2.3 6.166666667 0 4
7.85 5.333333333 8.5 4
7.75 8.333333333 8 4
7 0 9 4
8.2 8.333333333 9 4
6.125 0 7.5 4
8.175 8.833333333 9 4
8.5 8.333333333 9.5 4
8.2 0 9 4
8.15 5.333333333 9 4
3 5 4 4
2.7 5.833333333 3.5 4
2.075 5 1.5 4
3.2 4.5 4 4
3.725 5 5 4
2 0 3 4
3.07 7.67 4 4
5 5 3.5 4
2.74 5 3 4
1.82 9.33 1.5 4
3.77 8.17 3.5 4
2.35 9.33 2 4
2.14 8.17 2.5 4
6.5 5 5 4
2.42 8.5 2.5 4
3.89 9.5 5 4
6.55 5 6 4
4.2 7.5 6 4