9.5  9  8.00  10  10
10  10  10.00  10  10
10  10  10.00  10  10
9.4  10  10.00  9  10
8.8  9  10  8  10
8.2  10  10.00  7  10
10  10  10.00  10  10
9.5  10  8.00  10  10
7.1  10  8.00  6  10
10  8  10.00  10  10
10  10  10.00  10  10
10  10  10.00  10  10
10  10  10.00  10  10
10  10  10.00  10  10
9.175  10  10.00  9  10
9  8  6.00  10  10
10  10  10.00  10  10
10  10  10.00  10  10
10  10  10.00  10  10
9  9  6.00  10  10
9.4  10  10.00  9  10
7.6  10  10.00  6  10
10  10  10.00  10  10
10  10  10  10  10
9.5  10  10  9  10
10  10  10  10  10
10  8  10  10  10
10  10  10  10  10
10  10  10  10  10
9.85  10  9.75  9.75  10
10  10  10.00  10  10
8.45  10  4.00  9.50  10
9.9  10  10  9  10
8.55  9  8.00  9  10
8.5  10  10.00  10  10
8.65  10  9  9  10
10  10  10  10  10
9.7  10  7.00  10  10
8.4  10  9.00  10  10
8.7  9.666666667  9  10  10
9.95  8.666666667  9.5  10  10
10  10  10  10  10
10  9.833333333  10  10  10
8.77  10  9.7  10  10
9.9  9.5  9  10  10
7.09  10  9.9  9  10
9.98  10  9.8  10  10
10  10  10  10  10
14.65  10  8.5  10  10
9.25  9.833333333  10  8.5  10
10  9.833333333  10  10  10
9.2  9.5  9.5  8.5  10
9.975  9.666666667  9.75  10  10
10  10  10  10  10
9.675  8.666666667  9.25  9.5  10
9.95  9.166666667  9.5  10  10
10  10  10  10  10
10  10  10  10  10
7.8  9  6.00  8  9
7.8  9  6.00  8  9
7.9  6  4.00  9  9
8.3  9  8  8  9
5.4  9  6  4  9
8.8  10  10  8  9
7.8  10  6  8  9
9.5  9  8  10  9
7.2  9  6  7  9
8.275  8  4.00  10  9
8.8  7  10.00  8  9
8.9  8  8.00  9  9
9.4  9  10.00  9  9
8.2  10  10.00  7  9
6.6  9  6.00  6  9
6  6  6.00  5  9
7  8  10.00  5  9
7.8  10  6.00  8  9
8.8  10  10.00  8  9
8.2  9  10.00  7  9
8.8  10  10.00  8  9
8.9  8  8.00  9  9
7.6  10  10.00  6  9
8.9  10  8.00  9  9
8.5  10  4.00  10  9
6.7  9  4.00  7  9
8.8  10  10.00  8  9
8.4  10  6.00  9  9
9  9  6.00  10  9
9.4  10  10.00  9  9
9.4  10  10.00  9  9
5.2  8  10.00  2  9
5.8  10  10.00  3  9
9  9  10  10  9
8  8  10.00  6  9
8  8  10.00  6  9
8.65  10  9  9  9
9.825  9  9.5  9.75  9
9.45  10  9.5  9  9
10  7  10  10  9
9.975  9  9.75  10  9
9.75  10  10  9.5  9
8.4  10  6.00  9  9
9  9  6.00  10  9
9.4  10  10.00  9  9
9.4  10  10.00  9  9
8.5  10  4.00  10.00  9
9.7  10  10.00  7.00  9
8.6  10  7.00  8.50  9
5.25  8  1.00  10.00  9
8.45  10  10.00  9.50  9
9.975  10  10  9.75  9
7.5  10  10.00  8  9
9.25  10  10.00  10  9
8  10  10.00  9  9
7.25  9  10.00  9  9
8  10  10.00  9  9
10  7  10  10  9
9.75  10  10  9.5  9
9.525  9  9  9.25  9
5.985  10  9.85  5  9
9.975  10  9.75  10  9
6.235  10  9.85  7  9
8.025  9.666666667  7.25  9  9
9.57  9.5  8.2  9.5  9
6.4  9  10  10  9
6.85  8.666666667  7.5  9  9
5.65  9.166666667  10  8.5  9
9.95  9.166666667  9.5  10  9
10  9.5  10  10  9
9.75  9.166666667  10  9.5  9
9.4  9.166666667  9  9  9
10  10  10  10  9
10  9.833333333  10  10  9
5.9  9.17  10  9  9
7.5  9.42  9.5  7.5  9
7.01  9.17  9.1  9  9
7.12  9.67  8.2  7  9
9.7  9.42  9.5  9.5  9
7.31  10  9.6  9.5  9
6.45  9.67  8.5  8  9
7.6  10  10  10  9
8.3  10  10  9  9
5  9.83  6  8  9
10.62  8.67  9.2  9  9
6.15  9.67  5.5  8  9
9.95  8.833333333  9.5  10  9
9.75  9.166666667  10  9.5  9
9.975  9.333333333  9.75  10  9
9.75  8.666666667  10  9.5  9
8.425  9.5  8.75  9.5  9
10  9.666666667  10  10  9
10  9.5  10  10  9
10  10  10  10  9
10  10  10  10  9
10  9.833333333  10  10  9
8.45  9.5  9  9.5  9
8.5  10  9.5  9.5  9
8.5  8.333333333  9.5  9.5  9
8.5  8  4.00  10  8
7.7  9  8.00  7  8
7.7  10  8  7  8
9.5  10  8  10  8
7.3  10  4  8  8
8.9  9  8  9  8
7.1  10  8  6  8
10  6  10  10  8
6  8  6  5  8
9.4  10  10  9  8
8.3  5  8  8  8
5.9  8  8  4  8
8.8  10  10.00  8  8
6  6  6.00  5  8
7.7  10  8.00  7  8
4.8  8  6.00  3  8
7.8  7  6.00  8  8
6  8  6.00  5  8
8.45  8  8.00  9  8
8.2  6  10.00  7  8
6.4  5  10.00  4  8
9.4  8  10.00  9  8
7  9  10.00  5  8
7.8  7  6.00  8  8
5.875  8  4.00  6  8
6.4  7  9  6  8
8.7  8  7  8  8
9.95  10  9.5  10  8
7.85  9  8.5  9  8
8.5  9  10  10  8
7.85  9  8.5  9  8
7.25  9  10  6  8
6.2  10  9.5  7  8
7.5  10  10  8  8
8.95  10  9.5  8  8
5.25  10  10  5  8
10  10  10  10  8
9.625  8  10  9.25  8
9.95  9  9.5  10  8
10  9  10  10  8
10  9  10  10  8
10  10  10  10  8
4.6  10  1  1  8
9.15  10  9  8.5  8
10  10  10  10  8
9.25  10  10  10  8
6.75  10  7.00  10.00  8
6.25  10  1.00  10.00  8
7.75  9  1.00  10.00  8
7.75  10  1.00  10.00  8
5.225  10  1.00  7.00  8
7.7495  9  4  5  8
7.25  10  1  10  8
4.075  10  1  8.25  8
6.4  8  9.00  6  8
6.45  8  9.50  3  8
6.95  10  9.50  7  8
3.85  10  1.00  4  8
7.25  10  10  6  8
7.9  9  9.00  9  8
6.95  10  9.50  7  8
6.85  9.833333333  10  8.5  8
9.675  8.666666667  9.25  9.5  8
7.7  7.33  9.5  5.5  8
8.125  8.833333333  8.75  6.5  8
9.45  8.333333333  9.5  9  8
10  9.5  10  10  8
10  9.333333333  10  10  8
10  9.333333333  10  10  8
9.7  7.166666667  9.5  9.5  8
5.04  8.83  9.4  5  8
7.47  9.67  9.2  7.5  8
5.5  9.25  9  6  8
5.58  9.17  6.8  9  8
6.42  9.83  8.2  8  8
5.8  9  9  9  8
5.85  9.93  10  6.5  8
3.57  8.17  9.2  4.5  8
4.74  9.83  8.9  4.5  8
4.82  8.5  6.7  7.5  8
10.67  9.5  9.7  9  8
9.65  9.166666667  9  9.5  8
6.8  8.666666667  9.5  8.5  8
9.65  7.5  9  9.5  8
8.5  7.833333333  9.5  9.5  8
7.65  6.833333333  8.5  8  8
10  9.333333333  10  10  8
9.9  6.833333333  9  10  8
10  10  10  10  8
9.675  9.83  9.25  9.5  8
6.875  7.166666667  7.75  9  8
9.95  9  9.5  10  8
9.725  7.833333333  9.75  9.5  8
8.025  9.666666667  7.25  9  8
7.675  5.333333333  8.75  8  8
7.5  5  7  8  8
7.6  6.833333333  8  8  8
7.85  5.333333333  8  8.5  8
7.75  8.333333333  9.5  8  8
8.2  8.333333333  9  9  8
7.95  6.833333333  9  8.5  8
8.175  8.833333333  8.75  9  8
8.2  5  9  9  8
8.15  5.333333333  8.5  9  8
7.6  4  8  8  8
6.4  8  10.00  4  7
6.5  8  8.00  5  7
6.6  5  6.00  6  7
6.6  8  6.00  6  7
6.5  9  8  5  7
3.975  5  6  2  7
7.8  10  6  8  7
7.8  7  6  8  7
7.1  7  8  6  7
8.9  9  8  9  7
4.8  7  6  3  7
8.8  10  10  8  7
5.075  5  8.00  3  7
8.3  7  8.00  8  7
6.5  5  8.00  5  7
7.8  6  6.00  8  7
5.275  5  4.00  5  7
8.2  9  10  7  7
7.8  10  6  8  7
6  7  6.00  5  7
7.2  10  6.00  7  7
4.8  7  6.00  3  7
6.4  8  10.00  4  7
4.8  8  6.00  3  7
3.025  5  4.00  2  7
7.2  7  6.00  7  7
5.4  7  6.00  4  7
8.3  8  8.00  8  7
7.8  10  6.00  8  7
8.3  7  8.00  8  7
6.5  8  8.00  5  7
7  8  10.00  5  7
6.4  5  10.00  4  7
5.4  7  6.00  4  7
3.75  5  6.00  2  7
8.4  9  6.00  9  7
8.8  9  10.00  8  7
6.7  8  4.00  7  7
8.4  8  6.00  9  7
6  6  6.00  5  7
8.2  10  10.00  7  7
7.2  9  6.00  7  7
7  5  10.00  5  7
7.6  10  10.00  6  7
7.2  10  6.00  7  7
9.4  8  10.00  9  7
6.1  5  4.00  6  7
1.15  7  4.00  1  7
4.3  7  4.00  3  7
8.8  7  10.00  8  7
10  10  10.00  10  7
6  10  6.00  5  7
6.6  8  6.00  6  7
4.675  8  4.00  4  7
6.4  5  4  7  7
6.8  5  8  6  7
8.925  8  9.25  10  7
5.7  6  7  4  7
4.75  8  7.5  2  7
8  6  10.00  8  7
7.5  7  10.00  6  7
6.5  9  10.00  6  7
4.199  7  7  3  7
6.5  9  10.00  6  7
5  6  10.00  3  7
4.9  7  9.00  3  7
7.05  8  10.00  8  7
8  10  10  6  7
6.4  10  9  6  7
5.65  9  9  6  7
7.975  10  8.5  7.75  7
9.75  9  10  9.5  7
9.75  9  10  9.5  7
7.55  6  8  7  7
9.525  8  9  9.25  7
8.325  8  9.5  8.25  7
9.675  8  10  9.35  7
8.375  10  10  8.25  7
7.2  9  6.00  7  7
7  5  10.00  5  7
7.6  10  10.00  6  7
7.2  10  6.00  7  7
9.4  8  10.00  9  7
6.5  7  4.00  10.00  7
8  10  4.00  10.00  7
6.5  9  4.00  10.00  7
4.2  8  1.00  9.50  7
4.1  9  1.00  8.50  7
8.7  10  10  7  7
5.75  9  1  5  7
9.25  10  7  10  7
6.55  9  8.00  5  7
6.85  8  1.00  10  7
6.1  9  1  4  7
4.35  9  1  2  7
8  10  10  6  7
5.5  9  10  4  7
8.3  9  5.5  9  7
9.75  9  10  9.5  7
5.4  9  9  4  7
4.3  5  5.50  4  7
6.1995  9  9.5  6  7
4.55  10  8  4  7
5.36  5  8.6  4  7
6.675  5  4.00  8  7
5.025  10  7.75  5  7
3  4  6  4  7
7.15  9.166666667  8  9.5  7
3.125  9.166666667  9.75  3.5  7
8.45  9.5  9  9.5  7
7.1  5.5  10  9  7
7.7  7.5  9  8  7
9.15  6.166666667  9  8.5  7
9.45  5.5  7  9.5  7
9.4  8.666666667  9  9  7
8.2  6.833333333  9  9  7
2.64  9.17  9.9  2.5  7
5.91  9.67  8.6  4.5  7
2.77  9  8.7  3  7
2.88  9.67  9.8  3  7
5.69  8.33  8.4  6.5  7
6.59  10  9.9  8  7
4.4  8.83  0  8  7
3  9.33  6  4  7
6.2  9.08  8.5  7.5  7
6.37  9.33  7.7  8  7
6.28  9.5  8.8  10  7
6.65  7.666666667  8.5  6  7
9.7  8.833333333  9.5  9.5  7
7.975  8.666666667  9.25  8.5  7
8.1  8.5  8  9  7
9.75  8.666666667  10  9.5  7
10  8.666666667  10  10  7
8.175  8.166666667  8.75  9  7
6.93  9.83  6.3  7  7
6.59  10  9.9  8  7
6.5  5  6.5  8.5  7
6.55  6.33  7.5  6  7
6.45  6  8.5  8  7
6.55  6.33  7.5  6  7
6.55  5  7.5  6  7
4.075  5  4.00  3  6
6  7  6.00  5  6
5.4  8  6.00  4  6
4.9  6  4.00  4  6
4.8  7  6.00  3  6
4.3  5  4  3  6
5.4  7  6  4  6
5.4  5  6  4  6
7.6  7  10  6  6
5.8  7  10  3  6
6.4  4  10  4  6
4.9  6  4  4  6
4.8  8  6  3  6
3.625  6  4  3  6
6.6  7  6.00  6  6
4.675  5  4.00  4  6
5.4  10  6  4  6
5.9  9  8  4  6
7.1  8  8  6  6
9.4  5  10  9  6
6  8  6  5  6
7  8  10.00  5  6
4.075  5  4.00  3  6
5.5  9  4.00  5  6
3.85  8  4.00  3  6
4.8  5  6.00  3  6
4.9  7  4.00  4  6
5.4  5  6.00  4  6
5.4  7  6.00  4  6
4.575  8  6.00  3  6
4.975  5  4.00  6  6
5.8  7  10.00  3  6
7.2  6  6.00  7  6
4.3  8  4.00  3  6
7.8  5  6.00  8  6
6.5  8  8.00  5  6
4.8  8  6.00  3  6
4.575  5  6.00  3  6
6.7  7  4.00  7  6
4.9  8  4.00  4  6
4.2  5  6.00  2  6
6.5  6  8.00  5  6
4.7  5  8.00  2  6
6.275  9  8.00  5  6
7.2  5  6.00  7  6
3.85  6  4.00  3  6
3.85  6  4.00  3  6
1  5  1.00  1  6
4.8  5  6.00  3  6
7.7  8  8.00  7  6
4.3  8  4.00  3  6
5.2  5  10.00  2  6
3.975  4  6.00  2  6
6.7  7  4.00  7  6
6.7  10  4.00  7  6
4.9  5  4.00  4  6
2.425  5  4.00  1  6
7.9  8  4.00  9  6
7.2  9  6.00  7  6
4.675  6  4.00  4  6
3.75  5  6.00  2  6
6.1  5  4.00  6  6
5.2  5  10.00  2  6
3.1  6  4.00  1  6
6.5  9  8.00  5  6
3.7  8  4.00  2  6
2.775  8  6.00  1  6
3.7  6  4.00  2  6
5.4  7  6.00  4  6
1.375  6  4.00  1  6
9.8  6  8  10  6
7.65  5  6.5  7  6
6.975  5  9.75  6  6
6.45  5  9.5  3  6
5.35  5  1  6  6
5.6  5  1  4  6
4.15  8  6.5  2  6
7.65  5  6.5  8  6
5.1  5  1  5  6
3.599  5  1  2  6
8.5  5  10.00  9  6
7.8  5  8.00  8  6
6.5  7  10.00  5  6
5.2495  6  10  4  6
4.75  6  7.5  3  6
6.5  5  10.00  3  6
3.55  8  10.00  1  6
6.55  10  10.00  7  6
6.7  7  4.00  7  6
6.7  10  4.00  7  6
4.9  5  4.00  4  6
2.425  5  4.00  1  6
7.9  8  4.00  9  6
7.2  9  6.00  7  6
4.675  6  4.00  4  6
4.1845  8  1  6.85  6
7.225  9  9.50  8  6
6.15  10  9.00  7  6
4.9  5  6.5  5  6
8.65  5  9  9  6
7.875  5  8.75  7.5  6
7.925  5  8  7.75  6
7.25  5  7.5  6.5  6
8.15  5  9  8  6
7.875  5  7  8  6
5.8  5  8.00  5  6
5.5  5  10.00  4  6
8.55  5  5.50  8  6
5.3  5  8.00  4  6
7.685  5  9.35  10  6
7.4  5  9.00  5  6
4.8495  5  6.00  4  6
6.025  5  10.00  7  6
2.9  6  2.5  4.5  6
4.125  8.17  9.75  5.5  6
5.75  7.5  4  7.5  6
7.5  3.333333333  7  8  6
5.41  7  8.1  6  6
1.81  8.92  6.6  1.5  6
3.09  8.33  9.4  3.5  6
5.4  7.17  6  4  6
4.29  9.5  6.9  4  6
4.49  9  8.9  4  6
4.83  8.5  9.8  4.5  6
2.35  9.33  9.5  2  6
2.79  9.33  8.9  3  6
2.32  8.83  9.2  2  6
3.715  6.5  6.15  3  6
5.22  7.67  8.2  8  6
2.39  4  9.9  2  6
2.85  8.67  7  3.5  6
5.9  7.833333333  8  7  6
5.63  8.33  7.3  9  6
5.82  9.67  9.7  6.5  6
5.8  9  9  9  6
6.28  9.5  8.8  10  6
6.125  5  7.75  7.5  6
5.825  7.17  8.5  6.75  6
5.85  0  7.5  7  6
5.85  5  7.5  7  6
5.9  5  8  4  5
1.825  6  4  0  5
6.5  1  8  5  5
5.775  5  6  5  5
5.05  4  4.00  5  5
4.3  5  4.00  3  5
4.9  5  4.00  4  5
3.85  5  4.00  3  5
2.925  3  6.00  1  5
4.8  5  6.00  3  5
4.675  5  4.00  4  5
3.475  5  4.00  2  5
3.7  5  4.00  2  5
4.075  5  4.00  3  5
5.5  5  4.00  5  5
4.2  7  6.00  2  5
4.3  5  4.00  3  5
1  6  1.00  1  5
3.25  5  4.00  2  5
3.1  5  4.00  1  5
5.35  5  10.00  3  5
5.3  6  8.00  3  5
4.825  5  4.00  5  5
3.7  5  4.00  2  5
3.1  6  4.00  1  5
6.1  5  4.00  6  5
4.3  5  4.00  3  5
3.7  6  4.00  2  5
3.7  6  4.00  2  5
3.7  7  4.00  2  5
4.8  1  6.00  3  5
3.7  7  4.00  2  5
3.025  5  4.00  2  5
1  6  1.00  1  5
4.7  6  7  3  5
7.35  7  8.5  8  5
3.6  5  1  2  5
5.5  5  10  4  5
6.9  5  9  4  5
5.5  5  10  3  5
6.75  5  7.5  6  5
2.5995  5  1  1  5
5.7  5  7  5  5
5.25  5  7.5  4  5
3.6  5  1  2  5
5.6  5  1  3  5
4.1995  5  9.5  2  5
5.1  6  1  4  5
5.1  5  6.00  4  5
4.3  5  8.00  2  5
3.875  5  1.00  3  5
5.1  5  1  5  5
4.9  6  9  3  5
4.1495  6  9  2  5
3.95  5  4.5  2  5
4.9  5  9.00  3  5
4.9  6  9.00  3  5
4.35  5  8.00  2  5
6  5  1.00  1  5
5  5  1.00  1  5
3.599  7  1.00  3  5
5  5  1.00  1  5
4.4  5  4.00  3  5
5  5  1.00  1  5
7.9  5  9  7.5  5
5.55  5  7  5  5
8.025  5  9  7.75  5
9.75  10  10  9.5  5
5.65  5  7  4  5
9.15  5  9  10  5
8  5  7.5  8  5
5.875  5  6  6  5
6.7  9  7.00  7  5
5.1  5  8.50  5  5
8.75  5  7.5  8  5
3.7  5  4.5  3  5
5.9  5  9.00  5  5
3.8  9  3.00  2  5
1.6  5  1.00  1  5
6.0495  5  5.5  8  5
5.25  5  10.00  5  5
3.3  6  10.00  2  5
3.855  6  6.05  3  5
1.45  5  1.00  1  5
5.55  5  8.00  6  5
4.35  5  5.00  4  5
5.55  5  7.50  4  5
3.1  5  5.00  2  5
2.3  7.33  4  3  5
1.95  8.833333333  5.5  2  5
2.34  8.67  6.9  2.5  5
3.39  5.5  7.4  4.5  5
1.25  7.17  1  1.5  5
4.975  5.83  5.75  8  5
5.05  5  9.5  5  5
4.8  6.42  7  5  5
4.075  1  4.00  3  4
5.5  9  4.00  5  4
4.9  3  4.00  4  4
4.225  3  4.00  4  4
6  6  6.00  5  4
4.8  4  6.00  3  4
4.8  4  6  3  4
5.4  4  6  4  4
4.575  8  6  3  4
5.4  1  6  4  4
7  4  10  5  4
4.3  5  4  3  4
4.8  8  6  3  4
6  6  6  5  4
7.8  7  6  8  4
5.8  4  10  3  4
4.9  5  4  4  4
4.975  5  4  6  4
2.325  3  6  0  4
4.8  7  6  3  4
4.9  5  4  4  4
4.675  5  4  4  4
3.475  1  4.00  2  4
4.075  1  4.00  3  4
3.275  1  8.00  0  4
3.7  5  4.00  2  4
6.5  1  8.00  5  4
6  1  6.00  5  4
4.7  1  8.00  2  4
5.5  1  4  5  4
7.2  1  6  7  4
7.2  1  6  7  4
5.4  1  6  4  4
4.3  1  4  3  4
6  1  6  5  4
7.8  1  6  8  4
8.3  1  8  8  4
4.2  4  6.00  2  4
4.3  1  4.00  3  4
4.2  1  6.00  2  4
4.8  8  6.00  3  4
8.3  1  8.00  8  4
4.575  1  6.00  3  4
4.075  1  4.00  3  4
6.5  1  8.00  5  4
4.8  1  6.00  3  4
6.6  1  6.00  6  4
4.8  7  6.00  3  4
4.9  5  4.00  4  4
1.15  2  4.00  0  4
6.6  1  6.00  6  4
6.6  5  6.00  6  4
4.2  1  6.00  2  4
4.7  4  8.00  2  4
4.7  4  8.00  2  4
2.875  1  4.00  1  4
4.35  5  6.00  3  4
3.1  4  4.00  1  4
5.3  1  8.00  3  4
3.7  5  4.00  2  4
1.6  7  4.00  0  4
3.7  5  4.00  2  4
2.65  4  4.00  1  4
4.7  7  8.00  2  4
5.875  4  4.00  6  4
3.475  1  4.00  2  4
5.4  5  6.00  4  4
4.9  4  4.00  4  4
3.7  1  4.00  2  4
4.9  3  4.00  4  4
5.4  4  6.00  4  4
2.55  1  6.00  1  4
4.8  4  6.00  3  4
2.875  1  4.00  1  4
2.275  1  4.00  1  4
3.975  4  6.00  2  4
3.7  6  4.00  2  4
4.9  1  4.00  4  4
3.6  1  6.00  1  4
3.7  1  4.00  2  4
2.275  1  4.00  1  4
2.875  1  4.00  1  4
8.9  10  8.00  9  4
4.3  7  4.00  3  4
4.8  7  6.00  3  4
5.4  1  6.00  4  4
4.2  1  6.00  2  4
7.9  1  4.00  9  4
3.7  3  4.00  2  4
2.2  1  4.00  1  4
6.7  5  4.00  7  4
3.6  7  6.00  1  4
7.3  1  4.00  8  4
3.1  8  4.00  1  4
3.375  6  6.00  1  4
4.9  5  4.00  4  4
3.375  1  6.00  1  4
3.7  1  4.00  2  4
9.5  5  8.00  10  4
4.7  1  8.00  2  4
4.9  4  4.00  4  4
4.9  8  4.00  4  4
4.7  4  8.00  2  4
4.8  4  6.00  3  4
4.2  1  6.00  2  4
3.7  4  4.00  2  4
1.825  1  4.00  1  4
3.7  4  4.00  2  4
6.5  1  8.00  5  4
5.875  8  4.00  6  4
3.1  4  4.00  1  4
3.7  8  4.00  2  4
8.3  4  8.00  8  4
3.7  5  4.00  2  4
4.2  2  6.00  2  4
7.2  1  6.00  7  4
4.9  7  4.00  4  4
3.6  6  6.00  1  4
4.8  1  6.00  3  4
4.2  9  6.00  2  4
3.7  2  4.00  2  4
3.025  1  4.00  2  4
3.6  6  6.00  1  4
2.05  6  4.00  0  4
5.4  5  6.00  4  4
1  5  1.00  1  4
1  4  1.00  1  4
1  7  1.00  1  4
3.025  5  4.00  2  4
3.475  1  4.00  2  4
2.65  5  4.00  1  4
1  5  1.00  1  4
4.1  5  1  3  4
5.35  6  8.5  3  4
6  5  5  3  4
2.35  0  1  1  4
4.0995  5  3.5  3  4
5.65  5  6.5  3  4
4.75  5  7.5  3  4
5.3  5  8  3  4
3.9995  5  7.5  1  4
7.975  8  9.75  8  4
1.9  5  1  1  4
2.425  0  1.00  1  4
5  7  10.00  2  4
5.575  5  8.00  2  4
5.5  5  10.00  3  4
3.15  6  6.00  1  4
6.4  5  9  5  4
4.75  5  7.5  3  4
6.2495  5  5  7  4
3.1  5  1.00  1  4
4.35  9  1  2  4
1.9  4  1  1  4
5.5  9  10  4  4
1.225  4  1  1  4
8.3  9  5.5  9  4
4.9  4  6.5  5  4
3.85  10  1.00  4  4
2.4  4  1  2  4
7.85  6  8  8.5  4
8.65  4  9  9  4
6.175  4  7  5.85  4
7.075  4  7  7  4
9.75  9  10  9.5  4
8.025  4  9  7.75  4
7.875  4  8.75  7.5  4
9.75  10  10  9.5  4
7.925  4  8  7.75  4
9.525  9  9  9.25  4
9.75  10  10  9.5  4
2.875  1  4.00  1  4
8.9  10  8.00  9  4
4.3  7  4.00  3  4
4.8  7  6.00  3  4
5.4  1  6.00  4  4
4.2  1  6.00  2  4
7.9  1  4.00  9  4
3.7  3  4.00  2  4
5.8  4  4.00  8.00  4
4.1  4  4.00  1.00  4
5.5  4  4.00  10.00  4
8.4  10  4.00  9.00  4
6.7  9  4.00  7.00  4
4.3  4  1.00  5.50  4
5.1  4  1.00  8.50  4
3.7  4  1  4.5  4
6.1995  9  4  9.5  4
3.4  4  1  6.5  4
4.55  10  1  8  4
5.985  10  4  9.85  4
6.235  10  1  9.85  4
7.25  10  7  10  4
5.36  4  4  8.6  4
4.575  4  8.00  3  4
8.55  4  5.50  8  4
5.3  4  8.00  4  4
5.225  0  9.50  4  4
7.9  9  9.00  9  4
5.9  4  9.00  5  4
6.675  4  4.00  8  4
3.8  9  3.00  2  4
1.9  4  1  1  4
1.225  5  1  1  4
2.4  5  1  2  4
7.85  6  8  8.5  4
7.075  5  7  7  4
5.1  5  4  5  4
4.1  4  1.00  3  4
3.1  5  1  1  4
3.4  5  6.5  2  4
1.099  10  1  1  4
4.575  5  8.00  3  4
2.7  5.833333333  5.5  3.5  4
3.2  4.5  8  4  4
4.975  5.83  5.75  8  4
5.05  1  9.5  5  4
7.675  5.333333333  8.75  8  4
7.6  6.833333333  8  8  4
3.07  7.67  6.7  4  4
6.93  9.83  6.3  7  4
3.82  0  9.2  5  4
5.63  8.33  7.3  9  4
5  1  4.5  3.5  4
1.15  1  0  1.5  4
2.74  1  8.4  3  4
0.4  1  0  0  4
1.82  9.33  6.7  1.5  4
1.15  4  0  1.5  4
3.77  8.17  4.2  3.5  4
5.82  9.67  9.7  6.5  4
1.83  4  6.8  1.5  4
2.14  8.17  4.9  2.5  4
6.5  0  0  5  4
4.8  6.42  7  5  4
2.42  8.5  7.7  2.5  4
6.65  7.5  8.5  6  4
3.89  9.5  9.9  5  4
2.3  6.166666667  7  0  4
7.85  5.333333333  8  8.5  4
7.75  8.333333333  9.5  8  4
7  0  9  9  4
8.2  8.333333333  9  9  4
6.125  0  7.75  7.5  4
8.175  8.833333333  8.75  9  4
8.5  8.333333333  9.5  9.5  4
8.2  0  9  9  4
8.15  5.333333333  8.5  9  4
3  5  6  4  4
2.7  5.833333333  5.5  3.5  4
2.075  5  9.25  1.5  4
3.2  4.5  8  4  4
3.725  5  8.25  5  4
2  0  1  3  4
3.07  7.67  6.7  4  4
5  5  4.5  3.5  4
2.74  5  8.4  3  4
1.82  9.33  6.7  1.5  4
3.77  8.17  4.2  3.5  4
2.35  9.33  9.5  2  4
2.14  8.17  4.9  2.5  4
6.5  5  0  5  4
2.42  8.5  7.7  2.5  4
3.89  9.5  9.9  5  4
6.55  5  7.5  6  4
4.2  7.5  8  6  4